list(nsimulations = 500, grboundary = c(-6, 6), nmcmc = 500, 
    nburn = 100, numintervalhis = 50)
942.26 1030.94 1024.31
105.01 77.75 106.08
-61.3 -61.96 -61.07
9242.94 9986.04 11158.43
102.63 102.58 102.2
0.05 0.05 0.05 0.06
0.1 0.09 0.1 0.11
0.25 0.24 0.25 0.26
0.75 0.76 0.75 0.74
0.9 0.91 0.9 0.89
0.95 0.95 0.95 0.94
